Seconds,Nanoseconds,Commit_Count,Identity_Count,Account_Count,Info_Count,Buffer_Occupancy_Pct,CPU_Pct
1789151860,93829533,17,0,0,0,0.00,0.00
1789151861,93825831,60,2,1,0,0.00,11.03
1789151862,93847557,54,1,0,0,0.00,2.53
1789151863,93836149,50,0,0,0,0.00,4.38
1789151864,93850939,57,1,1,0,0.00,3.27
1789151865,93831352,56,0,0,0,0.00,3.04
1789151866,93836146,54,0,0,0,0.00,2.54
1789151867,93850176,52,0,0,0,0.00,2.53
1789151868,93855581,63,0,0,0,0.00,3.98
1789151869,93857314,49,0,0,0,0.00,1.78
1789151870,93832843,42,1,1,0,0.00,3.01
1789151871,93866754,46,0,0,0,0.00,3.52
1789151872,93828838,53,0,0,0,0.00,2.27
1789151873,93823409,33,0,0,0,0.00,2.27
1789151874,93842840,39,0,0,0,0.00,17.97
1789151875,93825968,65,0,0,0,0.00,2.03
1789151876,93822534,44,0,0,0,0.00,2.76
1789151877,93832345,40,0,0,0,0.00,2.27
1789151878,93822956,35,0,0,0,0.00,2.28
1789151879,93838129,52,0,0,0,0.00,3.02
1789151880,93825370,57,0,0,0,0.00,2.27
1789151881,93822274,44,0,0,0,0.00,3.51
1789151882,93823153,29,0,0,0,0.00,2.27
1789151883,93827291,24,0,0,0,0.00,2.27
1789151884,93840205,52,0,0,0,0.00,3.26
1789151885,93857707,50,0,0,0,0.00,3.27
1789151886,93883151,44,0,0,0,0.00,1.78
1789151887,93844836,71,0,0,0,0.00,2.54
1789151888,93844276,52,1,0,0,0.00,3.27
1789151889,93838542,55,1,1,0,0.00,3.28
1789151890,93839938,39,0,0,0,0.00,1.52
1789151891,93838661,31,1,1,0,0.00,2.77
1789151892,93837703,53,0,0,0,0.00,2.76
1789151893,93842324,43,0,0,0,0.00,2.28
1789151894,93842121,31,0,0,0,0.00,1.77
1789151895,93837641,31,0,0,0,0.00,2.04
1789151896,93832074,48,0,0,0,0.00,2.53
1789151897,93829167,60,1,1,0,0.00,2.77
1789151898,93825278,53,0,0,0,0.00,2.53
1789151899,93888744,49,0,0,0,0.00,2.53
1789151900,93889128,24,0,0,0,0.00,2.03
1789151901,93892270,45,0,0,0,0.00,3.03
1789151902,93886504,52,0,0,0,0.00,28.57
1789151903,93818648,34,0,0,0,0.00,22.42
1789151904,93849192,39,0,1,0,0.00,27.59
1789151905,93848007,50,0,0,0,0.00,21.43
1789151906,93830950,34,1,1,0,0.00,11.14
1789151907,93868333,45,0,1,0,0.00,23.17
1789151908,93840450,47,0,0,0,0.00,47.86
1789151909,93829563,56,0,0,0,0.00,13.99
1789151910,93889089,44,0,0,0,0.00,2.27
1789151911,93839640,49,1,1,0,0.00,4.82
1789151912,93877522,36,0,0,0,0.00,1.77
1789151913,93903140,34,0,1,0,0.00,2.76
1789151914,93989253,38,0,0,0,0.00,2.51
1789151915,93987531,37,0,0,0,0.00,2.28
1789151916,93883610,44,0,0,0,0.00,2.04
1789151917,93879944,44,0,0,0,0.00,2.80
1789151936,201434966,15,0,0,0,0.00,0.00
1789151937,401884851,43,0,0,0,100.00,2.10
1789151938,201422535,170,0,0,0,0.00,2.55
1789151939,201422619,52,0,1,0,0.00,3.26
1789151940,201468525,53,0,0,0,0.00,3.02
1789151941,201533748,39,0,0,0,0.00,2.77
1789151942,201422905,31,0,0,0,0.00,2.51
1789151943,201428534,29,0,0,0,0.00,3.02
1789151944,201426598,33,0,0,0,0.00,3.00
1789151945,201401799,50,0,0,0,0.00,3.02
1789151946,201418999,51,0,0,0,0.00,2.53
1789151947,201544821,69,0,0,0,0.00,2.78
1789151948,201452974,8,0,0,0,0.00,2.27
1789151949,201402756,50,0,0,0,0.00,3.26
1789151950,201399628,47,0,0,0,0.00,2.77
1789151951,201423635,75,0,0,0,0.00,2.52
1789151952,201423809,74,0,0,0,0.00,3.04
1789151953,201419578,61,0,0,0,0.00,3.03
1789151954,201456111,43,0,0,0,0.00,2.76
1789151955,201529639,53,0,0,0,0.00,2.04
1789151956,201408797,42,1,1,0,0.00,3.02
1789152068,722625652,30,0,0,0,0.00,0.00
1789152069,922840541,79,0,1,0,96.09,35.17
1789152070,722583859,158,0,0,0,0.00,29.62
1789152071,722603416,39,0,0,0,0.00,31.96
1789152072,722594352,52,0,0,0,0.00,35.28
1789152073,722640847,37,0,0,0,0.00,31.47
1789152187,736449281,4,0,0,0,0.00,0.00
1789152188,736594124,46,0,0,0,12.50,31.31
1789152189,736496857,49,0,0,0,96.88,29.22
1789152190,736445598,50,0,0,0,100.00,49.49
1789152191,736559790,49,0,0,0,100.00,41.46
1789152192,736474473,178,1,0,0,0.00,33.67
1789152193,736451146,57,0,0,0,0.00,33.17
1789152194,736452725,58,0,0,0,0.00,34.50
1789152195,736491000,44,0,0,0,0.00,31.11
1789152268,687435132,18,0,0,0,0.00,0.00
1789152269,687427583,45,0,0,0,0.00,5.57
1789152270,687375063,45,1,1,0,0.00,5.78
1789152271,687367241,60,0,0,0,0.00,3.04
1789152272,687370312,37,0,0,0,0.00,2.77
1789152273,687373119,50,0,0,0,0.00,2.54
1789152274,687350658,53,0,0,0,0.00,2.76
1789152275,687501948,31,1,1,0,0.00,2.26
1789152276,687503428,52,0,0,0,0.00,2.53
1789152277,687402197,38,1,1,0,0.00,6.53
1789152278,687390276,32,0,0,0,0.00,2.03
1789152279,687365399,50,0,0,0,0.00,3.27
1789152280,687401746,41,0,0,0,0.00,2.53
1789152281,687398764,36,0,0,0,0.00,3.01
1789152282,687400348,42,0,0,0,0.00,2.28
1789152283,687468295,45,0,0,0,0.00,2.77
1789152284,687401267,68,1,1,0,0.00,2.28
1789152285,687398280,37,1,2,0,0.00,5.28
1789152286,687414032,44,0,0,0,0.00,3.53
1789152287,687375483,47,0,0,0,0.00,2.27
1789152288,687374122,50,0,0,0,0.00,2.53
1789152289,687375395,38,0,0,0,0.00,3.26
1789152290,687483199,41,1,0,0,0.00,2.54
1789152291,687371835,48,0,0,0,0.00,6.05
1789152292,687481277,37,0,0,0,0.00,2.02
1789152293,687458968,36,0,0,0,0.00,3.75
1789152294,687372828,33,0,0,0,0.00,2.78
1789152295,687498640,54,1,1,0,0.00,2.28
1789152296,687498868,40,0,0,0,0.00,2.77
1789152297,687354839,36,0,0,0,0.00,2.77
1789152298,687419158,55,0,1,0,0.00,2.03
1789152299,687423221,50,0,0,0,0.00,2.76
1789152300,687504023,58,0,1,0,0.00,2.78
1789152301,687428358,48,1,2,0,0.00,3.03
1789152302,687497114,27,0,0,0,0.00,2.03
1789152303,687424333,37,0,0,0,0.00,2.53
1789152304,687505278,61,0,0,0,0.00,2.76
1789152305,687501801,53,0,0,0,0.00,4.29
1789152306,687422359,74,0,0,0,0.00,4.04
1789152307,687422293,85,1,1,0,0.00,6.36
1789152308,687424793,80,0,0,0,0.00,5.08
1789152309,687501089,36,0,0,0,0.00,2.02
1789152310,687507192,46,0,0,0,0.00,2.27
1789152311,687426353,71,0,1,0,0.00,4.05
1789152312,687428087,71,1,1,0,0.00,6.30
1789152313,687594318,49,0,0,0,0.00,5.00
1789152314,687498561,47,0,0,0,0.00,8.86
1789152315,687503147,38,0,0,0,0.00,2.02
1789152316,687444249,59,0,0,0,0.00,2.28
1789152317,687409317,40,0,0,0,0.00,5.01
1789152318,687430865,40,0,0,0,0.00,8.06
1789152319,687386970,61,0,0,0,0.00,5.54
1789152320,687378538,61,0,0,0,0.00,2.77
1789152321,687503942,40,0,0,0,0.00,2.78
1789152322,687505166,34,0,0,0,0.00,2.76
1789152323,687497431,53,0,1,0,0.00,18.89
1789152324,687507161,48,0,0,0,0.00,1.27
1789152325,687501453,46,2,3,0,0.00,2.27
1789152326,687506246,47,0,0,0,0.00,2.27
1789152327,687340952,45,0,0,0,0.00,1.78
1789152328,687496920,48,0,0,0,0.00,2.02
1789152329,687502624,42,0,0,0,0.00,2.78
1789152330,687502088,55,1,1,0,0.00,2.28
1789152331,687505193,49,0,0,0,0.00,2.78
1789152332,687501419,44,0,0,0,0.00,3.02
1789152333,687501730,38,0,0,0,0.00,2.77
1789152334,687499949,41,1,1,0,0.00,2.02
1789152335,687502022,46,1,2,0,0.00,2.03
1789152336,687467381,41,1,1,0,0.00,3.02
1789152337,687405919,39,0,0,0,0.00,1.52
1789152338,687479335,36,0,0,0,0.00,2.51
1789152339,687426429,50,0,0,0,0.00,5.04
1789152340,687502219,46,0,0,0,0.00,2.03
1789152341,687425112,53,0,0,0,0.00,2.27
1789152342,687496191,39,1,1,0,0.00,2.52
1789152343,687500736,46,0,0,0,0.00,2.53
1789152344,687430783,40,1,1,0,0.00,2.52
1789152345,687506293,44,0,0,0,0.00,2.53
1789152346,687508851,52,0,0,0,0.00,3.26
1789152347,687503589,45,1,1,0,0.00,2.77
1789152348,687501184,42,1,0,0,0.00,2.03
1789152349,687392598,58,0,0,0,0.00,3.03
1789152350,687411474,52,0,0,0,0.00,4.04
1789152351,687425844,36,0,0,0,0.00,2.52
1789152352,687503402,39,0,0,0,0.00,1.76
1789152353,687496805,49,1,1,0,0.00,2.28
1789152354,687398399,39,1,1,0,0.00,2.27
1789152355,687510783,56,0,1,0,0.00,2.53
1789152356,687500107,41,0,0,0,0.00,2.27
1789152357,687420184,38,0,1,0,0.00,2.77
1789152358,687495974,48,0,0,0,0.00,2.02
1789152359,687476220,41,0,0,0,0.00,2.28
1789152360,687500808,49,0,0,0,0.00,2.27
1789152361,687486480,37,1,1,0,0.00,3.27
1789152362,687498435,22,0,0,0,0.00,2.02
1789152363,687400441,17,0,0,0,0.00,2.02
1789152364,687426456,57,1,2,0,0.00,2.52
1789152365,687426024,46,1,1,0,0.00,3.52
1789152366,687501669,71,0,0,0,0.00,2.79
1789152367,687476653,69,1,1,0,0.00,3.27
1789152368,687501940,49,2,1,0,0.00,4.01
1789152369,687480275,41,0,0,0,0.00,2.27
1789152370,687464357,52,1,1,0,0.00,1.78
1789152371,687483119,40,0,0,0,0.00,3.02
1789152372,687498906,60,1,1,0,0.00,2.27
1789152373,687484319,56,2,4,0,0.00,2.28
1789152374,687497006,51,0,0,0,0.00,2.28
1789152375,687478455,14,0,0,0,0.00,2.76
1789152376,687405409,59,0,0,0,0.00,3.79
1789152377,687401450,67,1,1,0,0.00,2.53
1789152378,687496331,43,1,1,0,0.00,3.49
1789152379,687408986,50,0,0,0,0.00,2.53
1789152380,687506344,49,0,0,0,0.00,3.02
1789152381,687406841,5,0,0,0,0.00,3.27
1789152382,687372825,45,0,0,0,0.00,6.08
1789152383,687404674,54,1,1,0,0.00,8.75
1789152384,687502297,45,0,0,0,0.00,2.02
1789152385,687391756,50,1,1,0,0.00,2.03
1789152386,687497665,51,0,0,0,0.00,1.78
1789152387,687346344,35,0,0,0,0.00,2.51
1789152388,687500900,48,0,0,0,0.00,1.78
1789152389,687423442,55,0,0,0,0.00,3.55
1789152390,687423089,52,0,0,0,0.00,4.34
1789152391,687379577,43,0,0,0,0.00,2.30
1789152392,687499137,44,0,0,0,0.00,2.78
