Seconds,Nanoseconds,Jitter_ns,Drift_ns
1789151263,583762519,1789141264789759371,1789141264789759371
1789151264,583754988,1789141264789751840,3578282529579511211
1789151265,583752420,1789141264789749272,5367423794369260483
1789151266,583774477,1789141264789771329,7156565059159031812
1789151267,583768389,1789141264789765241,8945706323948797053
1789151268,583777299,1789141264789774151,-7711896484970980412
1789151269,583777888,1789141264789774740,-5922755220181205672
1789151350,94673590,99208,99208
1789151351,94663126,88735,187943
1789151352,94666250,91846,279789
1789151353,94639198,64761,344550
1789151354,94792398,218055,562605
1789151355,94687955,113609,676214
1789151356,94647118,72759,748973
1789151386,566534701,129981,129981
1789151387,566482877,78274,208255
1789151388,566533802,129099,337354
1789151389,566515239,110507,447861
1789151390,566469639,64884,512745
1789151391,566521131,116425,629170
1789151392,566485886,81163,710333
1789151530,759399695,64717,64717
1789151531,759698186,363283,428000
1789151532,759487537,152593,580593
1789151533,759530125,195127,775720
1789151534,759451277,116273,891993
1789151535,759439863,104871,996864
1789151536,759491285,156333,1153197
1789151564,770340430,90864,90864
1789151565,970509962,200260353,200351217
1789151566,770340907,91381,200442598
1789151567,770320865,71218,200513816
1789151568,770324930,75390,200589206
1789151569,770337888,88249,200677455
1789151570,770335746,86116,200763571
1789151571,770332492,82845,200846416
1789151572,770317690,68084,200914500
1789151690,642356415,77303,77303
1789151691,842569576,200290187,200367490
1789151692,642376224,96915,200464405
1789151693,642392834,113465,200577870
1789151860,93829533,73524,73524
1789151861,93825831,69781,143305
1789151862,93847557,91588,234893
1789151863,93836149,80134,315027
1789151864,93850939,94895,409922
1789151865,93831352,75357,485279
1789151866,93836146,80176,565455
1789151867,93850176,94202,659657
1789151868,93855581,99626,759283
1789151869,93857314,101374,860657
1789151870,93832843,76828,937485
1789151871,93866754,110780,1048265
1789151872,93828838,72843,1121108
1789151873,93823409,67360,1188468
1789151874,93842840,86901,1275369
1789151875,93825968,69918,1345287
1789151876,93822534,66485,1411772
1789151877,93832345,76315,1488087
1789151878,93822956,66952,1555039
1789151879,93838129,82159,1637198
1789151880,93825370,69456,1706654
1789151881,93822274,66225,1772879
1789151882,93823153,67103,1839982
1789151883,93827291,71307,1911289
1789151884,93840205,84210,1995499
1789151885,93857707,101722,2097221
1789151886,93883151,127177,2224398
1789151887,93844836,88902,2313300
1789151888,93844276,88292,2401592
1789151889,93838542,82557,2484149
1789151890,93839938,83969,2568118
1789151891,93838661,82687,2650805
1789151892,93837703,81773,2732578
1789151893,93842324,86349,2818927
1789151894,93842121,86151,2905078
1789151895,93837641,81702,2986780
1789151896,93832074,76891,3063671
1789151897,93829167,73178,3136849
1789151898,93825278,69309,3206158
1789151899,93888744,132779,3338937
1789151900,93889128,133158,3472095
1789151901,93892270,136301,3608396
1789151902,93886504,130535,3738931
1789151903,93818648,62551,3801482
1789151904,93849192,93219,3894701
1789151905,93848007,92048,3986749
1789151906,93830950,74980,4061729
1789151907,93868333,112409,4174138
1789151908,93840450,84552,4258690
1789151909,93829563,73589,4332279
1789151910,93889089,133120,4465399
1789151911,93839640,83600,4548999
1789151912,93877522,121552,4670551
1789151913,93903140,147165,4817716
1789151914,93989253,233279,5050995
1789151915,93987531,231562,5282557
1789151916,93883610,127640,5410197
1789151917,93879944,123974,5534171
1789151936,201434966,133249,133249
1789151937,401884851,200583210,200716459
1789151938,201422535,120818,200837277
1789151939,201422619,120897,200958174
1789151940,201468525,166804,201124978
1789151941,201533748,232096,201357074
1789151942,201422905,121183,201478257
1789151943,201428534,126853,201605110
1789151944,201426598,124876,201729986
1789151945,201401799,100132,201830118
1789151946,201418999,117277,201947395
1789151947,201544821,243099,202190494
1789151948,201452974,151175,202341669
1789151949,201402756,101034,202442703
1789151950,201399628,98769,202541472
1789151951,201423635,121919,202663391
1789151952,201423809,122087,202785478
1789151953,201419578,117856,202903334
1789151954,201456111,154440,203057774
1789151955,201529639,227917,203285691
1789151956,201408797,107145,203392836
1789152068,722625652,107912,107912
1789152069,922840541,200322784,200430696
1789152070,722583859,66138,200496834
1789152071,722603416,85763,200582597
1789152072,722594352,76664,200659261
1789152073,722640847,123118,200782379
1789152187,736449281,85782,85782
1789152188,736594124,230513,316295
1789152189,736496857,133211,449506
1789152190,736445598,81912,531418
1789152191,736559790,196103,727521
1789152192,736474473,110821,838342
1789152193,736451146,87571,925913
1789152194,736452725,89098,1015011
1789152195,736491000,127318,1142329
1789152268,687435132,159865,159865
1789152269,687427583,152341,312206
1789152270,687375063,99831,412037
1789152271,687367241,91994,504031
1789152272,687370312,95831,599862
1789152273,687373119,97891,697753
1789152274,687350658,75406,773159
1789152275,687501948,226686,999845
1789152276,687503428,228176,1228021
1789152277,687402197,126934,1354955
1789152278,687390276,115014,1469969
1789152279,687365399,90137,1560106
1789152280,687401746,126483,1686589
1789152281,687398764,123496,1810085
1789152282,687400348,125086,1935171
1789152283,687468295,193037,2128208
1789152284,687401267,126004,2254212
1789152285,687398280,123012,2377224
1789152286,687414032,138754,2515978
1789152287,687375483,100266,2616244
1789152288,687374122,98889,2715133
1789152289,687375395,100168,2815301
1789152290,687483199,207931,3023232
1789152291,687371835,96602,3119834
1789152292,687481277,206010,3325844
1789152293,687458968,183705,3509549
1789152294,687372828,97620,3607169
1789152295,687498640,223378,3830547
1789152296,687498868,223606,4054153
1789152297,687354839,79611,4133764
1789152298,687419158,143896,4277660
1789152299,687423221,147953,4425613
1789152300,687504023,228775,4654388
1789152301,687428358,153090,4807478
1789152302,687497114,221846,5029324
1789152303,687424333,149075,5178399
1789152304,687505278,230011,5408410
1789152305,687501801,226534,5634944
1789152306,687422359,147092,5782036
1789152307,687422293,147031,5929067
1789152308,687424793,149531,6078598
1789152309,687501089,225822,6304420
1789152310,687507192,231929,6536349
1789152311,687426353,151096,6687445
1789152312,687428087,152825,6840270
1789152313,687594318,319051,7159321
1789152314,687498561,223304,7382625
1789152315,687503147,227890,7610515
1789152316,687444249,168982,7779497
1789152317,687409317,134044,7913541
1789152318,687430865,155602,8069143
1789152319,687386970,111627,8180770
1789152320,687378538,103291,8284061
1789152321,687503942,228680,8512741
1789152322,687505166,229903,8742644
1789152323,687497431,222169,8964813
1789152324,687507161,231898,9196711
1789152325,687501453,226186,9422897
1789152326,687506246,230983,9653880
1789152327,687340952,65610,9719490
1789152328,687496920,221653,9941143
1789152329,687502624,227356,10168499
1789152330,687502088,226826,10395325
1789152331,687505193,229926,10625251
1789152332,687501419,226151,10851402
1789152333,687501730,226462,11077864
1789152334,687499949,224682,11302546
1789152335,687502022,226755,11529301
1789152336,687467381,192123,11721424
1789152337,687405919,130642,11852066
1789152338,687479335,204083,12056149
1789152339,687426429,151167,12207316
1789152340,687502219,226956,12434272
1789152341,687425112,149845,12584117
1789152342,687496191,220924,12805041
1789152343,687500736,225469,13030510
1789152344,687430783,155526,13186036
1789152345,687506293,231025,13417061
1789152346,687508851,233583,13650644
1789152347,687503589,228327,13878971
1789152348,687501184,225916,14104887
1789152349,687392598,117336,14222223
1789152350,687411474,136207,14358430
1789152351,687425844,150582,14509012
1789152352,687503402,228120,14737132
1789152353,687496805,221542,14958674
1789152354,687398399,123136,15081810
1789152355,687510783,235525,15317335
1789152356,687500107,224844,15542179
1789152357,687420184,144917,15687096
1789152358,687495974,220706,15907802
1789152359,687476220,200886,16108688
1789152360,687500808,225546,16334234
1789152361,687486480,211145,16545379
1789152362,687498435,223172,16768551
1789152363,687400441,125108,16893659
1789152364,687426456,151194,17044853
1789152365,687426024,150761,17195614
1789152366,687501669,226407,17422021
1789152367,687476653,201315,17623336
1789152368,687501940,226672,17850008
1789152369,687480275,204940,18054948
1789152370,687464357,188969,18243917
1789152371,687483119,207784,18451701
1789152372,687498906,223644,18675345
1789152373,687484319,208984,18884329
1789152374,687497006,221744,19106073
1789152375,687478455,203121,19309194
1789152376,687405409,130147,19439341
1789152377,687401450,126116,19565457
1789152378,687496331,221069,19786526
1789152379,687408986,133652,19920178
1789152380,687506344,231076,20151254
1789152381,687406841,131493,20282747
1789152382,687372825,97603,20380350
1789152383,687404674,129339,20509689
1789152384,687502297,227030,20736719
1789152385,687391756,116366,20853085
1789152386,687497665,222398,21075483
1789152387,687346344,70996,21146479
1789152388,687500900,225637,21372116
1789152389,687423442,148180,21520296
1789152390,687423089,147827,21668123
1789152391,687379577,104335,21772458
1789152392,687499137,223874,21996332
1789372278,352145267,141277,141277
1789372279,352121312,117307,258584
1789372280,352236432,232446,491030
1789372281,352112943,108962,599992
1789372282,352203588,199492,799484
1789372283,352154254,150263,949747
